successes 16
distCoeffs [0.1517427162144639, -0.4591751736127458, 5.816817218631519e-05, -0.000960316052465622, 0.05402127602088119]
cameraMatrix [628.6341119951087, 0, 325.3443919995285;
  0, 628.7519411113429, 236.0028199018263;
  0, 0, 1]
error 0.120993

fx=628.6341119951087;
fy=628.7519411113429;
cx=325.3443919995285;
cy=236.0028199018263;